3013
3693
3034
3711
2421
2303
6117
3189
3583
3017
6531
2360
6669
6643
2330
3035
3529
6187
6230
2356
2395
2382
2368
2313
2357
2376
8210
3661
5443
3533
2059
2383
3338
3706
3131
5269
6515
2324
3037
6414
2317
8046
2449
3044
2353
2454
3231
6282
8299
4966
2345
8996
6274
3443
3653
6213
2308
2359
6139
3324
3081
3105
2455
3163
3363
6442
3380
6830
3587
3289
1503
1513
1514
1519
1560
1609
2301
2337
2355
2385
2404
2412
2436
2458
2480
2492
3005
3413
3532
4755
4958
5388
5434
6166
6183
6196
6202
6206
6214
6239
6257
6269
6285
6412
6415
6438
6533
6719
6770
8081
8114
3227
3374
3438
3680
4979
4991
5227
5347
5483
6182
6223
6488
6510
8050
8086
00685L
00675L
00631L
00894
00881
0053
00892
00891
00935
0050
006208
006203
0057
00850
00923
00922
00895
00762
00918
00927
006204
00893
0051
00909
00896
00919
00915
00670L
0056
00878
00647L
00929
00900
00733
0055
00730
00934
00713
00731
00701
